0.7666666666666667
 0.7
 1 push
0.7666666666666667
 0.7
 2 clap
0.7333333333333333
 0.6333333333333333
 4 talk
0.9333333333333333
 0.9
 6 pushup
0.43333333333333335
 0.26666666666666666
 8 hit
0.7333333333333333
 0.6666666666666666
 11 pour
0.4
 0.16666666666666666
 15 kick_ball
0.4666666666666667
 0.3333333333333333
 16 sit
0.7333333333333333
 0.6
 18 catch
0.7
 0.5333333333333333
 21 shoot_ball
0.8333333333333334
 0.8
 22 shoot_bow
0.7
 0.6
 23 drink
0.1
 0.06666666666666667
 24 wave
0.6666666666666666
 0.6333333333333333
 25 somersault
0.3
 0.2
 27 punch
0.7666666666666667
 0.6333333333333333
 30 shoot_gun
0.3333333333333333
 0.23333333333333334
 36 stand
0.7
 0.6333333333333333
 37 dive
0.8
 0.7666666666666667
 38 handstand
0.6
 0.5
 40 walk
0.7666666666666667
 0.7333333333333333
 42 shake_hands
0.7
 0.5666666666666667
 44 flic_flac
1.0
 0.9666666666666667
 46 golf
0.6
 0.5
 48 smile
0.5666666666666667
 0.23333333333333334
 50 cartwheel
