0.9090909090909091
0.875
0.926829268292683
0.9428571428571428
0.967741935483871
0.9534883720930233
0.8372093023255814
0.7714285714285715
1.0
1.0
1.0
1.0
0.8421052631578947
1.0
0.9333333333333333
0.9534883720930233
0.7142857142857143
0.972972972972973
0.8928571428571429
0.4166666666666667
0.9090909090909091
1.0
0.6944444444444444
0.5510204081632653
0.8787878787878788
1.0
1.0
1.0
0.9
1.0
0.8918918918918919
0.6756756756756757
1.0
0.696969696969697
0.45454545454545453
0.8222222222222222
0.7142857142857143
0.5
0.9512195121951219
0.918918918918919
1.0
1.0
1.0
0.9782608695652174
0.7419354838709677
1.0
1.0
0.8947368421052632
1.0
1.0
0.5128205128205128
