0.9545454545454546
1.0
0.8780487804878049
0.8285714285714286
1.0
1.0
0.813953488372093
0.6857142857142857
1.0
0.8541666666666666
0.9736842105263158
1.0
0.7894736842105263
1.0
0.9666666666666667
0.9302325581395349
0.7346938775510204
0.9459459459459459
0.8928571428571429
0.3888888888888889
0.9696969696969697
1.0
0.5833333333333334
0.7142857142857143
0.9696969696969697
1.0
1.0
0.9705882352941176
0.925
1.0
0.8918918918918919
0.43243243243243246
0.9743589743589743
0.696969696969697
0.48484848484848486
0.6666666666666666
0.8214285714285714
0.4411764705882353
0.975609756097561
0.8108108108108109
1.0
1.0
1.0
0.9782608695652174
0.7096774193548387
1.0
1.0
0.7894736842105263
1.0
1.0
0.5128205128205128
